Date,Close,High,Low,Open,Volume
,AAPL,AAPL,AAPL,AAPL,AAPL
2020-01-02,72.620849609375,72.68129646149221,71.37322569622376,71.6270995236096,135480400
2020-01-03,71.91483306884766,72.67646199266805,71.6899725313061,71.84713288403621,146322800
2020-01-06,72.48786163330078,72.52654850385467,70.78326336625187,71.03472433546915,118387200
2020-01-07,72.14693450927734,72.75381577050801,71.9269071243437,72.49752175701711,108872000
2020-01-08,73.30752563476562,73.60975989811726,71.84954784350802,71.84954784350802,132079200
2020-01-09,74.86461639404297,75.05804331745496,74.03528757623693,74.28674110091968,170108400
2020-01-10,75.03386688232422,75.59965578823589,74.5309524288927,75.09915419080262,140644800
2020-01-13,76.63691711425781,76.66351755996668,75.23213318778205,75.3506140079616,121532000
2020-01-14,75.60208129882812,76.78442520845898,75.47877474428456,76.5740713542954,161954400
2020-01-15,75.278076171875,76.28391248020361,74.84527472915032,75.40139008732662,121923600
2020-01-16,76.22105407714844,76.33228158869747,75.45942527825108,75.82210636141797,108829200
2020-01-17,77.06488037109375,77.06729322689777,76.16301095015437,76.47007821096346,137816400
2020-01-21,76.54264831542969,77.1350230903495,76.40482770973279,76.69255534109293,110843200
2020-01-22,76.81586456298828,77.36955242966053,76.72156392949498,77.02863128965336,101832400
2020-01-23,77.185791015625,77.26557760751265,76.32018802900329,76.86905012564355,104472000
2020-01-24,76.96334075927734,78.17711075717362,76.77232666197627,77.43240886934917,146537600
2020-01-27,74.70021057128906,75.38204534370864,73.71613420898714,74.96859100895418,161940000
2020-01-28,76.81341552734375,76.98508246127517,75.48358524576821,75.5827189340282,162234000
2020-01-29,78.42131805419922,79.2699941203994,77.70562947444549,78.44791850299463,216229200
2020-01-30,78.30768585205078,78.3608793764205,77.06973551628201,77.50253703825538,126743200
2020-01-31,74.83560943603516,78.01994488964468,74.54062855663432,77.59681700240047,199588400
2020-02-03,74.63008880615234,75.79791852993898,73.07297758859362,73.57589206005755,173788400
2020-02-04,77.09391784667969,77.28493196834982,75.83178725999309,76.23798834153754,136616400
2020-02-05,77.7225570678711,78.52287271376575,77.11808861152979,78.22305134186004,118826800
2020-02-06,78.63166046142578,78.63408069608217,77.4348175300206,77.99334570709586,105425600
2020-02-07,77.56283569335938,78.37959155549372,77.07084287275849,78.12995987600213,117684000
2020-02-10,77.93122863769531,77.93122863769531,76.0650521291358,76.14502805818842,109348800
2020-02-11,77.4610595703125,78.500791189116,77.24293596960018,78.42808578763751,94323200
2020-02-12,79.30059051513672,79.30543507665523,77.91185812540034,77.91185812540034,113730400
2020-02-13,78.73588562011719,79.06307473499535,78.36749924118695,78.5710817713545,94747600
2020-02-14,78.75525665283203,79.00488833514737,78.2462967714903,78.70435548730526,80113600
2020-02-18,77.313232421875,77.49500334449696,76.24926307124777,76.43103399386973,152531200
2020-02-19,78.43292236328125,78.66316843831524,77.55557609214306,77.55557609214306,93984000
2020-02-20,77.6282958984375,78.68256868592816,77.12176183559734,78.19300168361448,100566000
2020-02-21,75.87117767333984,77.66465663516524,75.2531595150605,77.22113145649439,129554000
2020-02-24,72.26725769042969,73.72142482703582,70.09812948275813,72.04428953806494,222195200
2020-02-25,69.81940460205078,73.32152656752166,69.34680474475954,72.93859916229857,230673600
2020-02-26,70.927001953125,72.19455366055257,69.43648208910632,69.4437526290761,198054800
2020-02-27,66.2906265258789,69.31529668003056,66.15490485834736,68.12772839099156,320605600
2020-02-28,66.25184631347656,67.47577466773187,62.13413237510461,62.34983736802518,426510000
2020-03-02,72.41993713378906,73.0573481636442,67.30854119181632,68.4137074821739,341397200
2020-03-03,70.11994934082031,73.67781024463216,69.26683312015966,73.59783429708392,319475600
2020-03-04,73.3724365234375,73.53239582305254,71.04334864954015,71.84556373045045,219178400
2020-03-05,70.9924545288086,72.5993032659202,70.62648670581913,71.6225878078589,187572800
2020-03-06,70.04964447021484,70.48347300946683,68.15923041604361,68.34584584309786,226176800
2020-03-09,64.50928497314453,67.3982263851532,63.740996701505956,63.92276760464713,286744800
2020-03-10,69.15534973144531,69.4219485531025,65.28484074636239,67.16799216221737,285290000
2020-03-11,66.75355529785156,68.15682896396041,65.88832388635639,67.22858865883606,255598800
2020-03-12,60.16132354736328,65.43752824947576,60.10558150322218,62.02993014789043,418474000
2020-03-13,67.36912536621094,67.84173254059745,61.30524869933192,64.19904495715387,370732000
2020-03-16,58.70231246948242,62.7909413516552,58.166692548418034,58.63929618574619,322423600
2020-03-17,61.28345489501953,62.43466692909921,57.77891021775957,59.98682095947624,324056000
2020-03-18,59.783241271972656,60.59030457265709,57.46869089766941,58.1109503450228,300233600
2020-03-19,59.32517623901367,61.27860698512917,58.79925286107015,59.95773914025238,271857200
2020-03-20,55.55888366699219,61.03382237097015,55.258354443077174,59.906840554892725,401693200
2020-03-23,54.37858581542969,55.37953883867535,51.52841919602518,55.277747569925765,336752800
2020-03-24,59.83414077758789,60.03045277933711,56.785236104652014,57.284499639505285,287531200
2020-03-25,59.5045280456543,62.58978535507417,59.20884706003286,60.77207619664994,303602000
2020-03-26,62.635833740234375,62.69399806571646,59.70810978448486,59.74688846689872,252087200
2020-03-27,60.042572021484375,62.012966292537286,59.87534218227991,61.256800443757655,204216800
2020-03-30,61.75605392456055,61.92813199578418,60.44487900563897,60.76964580920623,167976400
2020-03-31,61.630027770996094,63.61738886653712,61.07502225152622,61.94752404866054,197002000
2020-04-01,58.38724136352539,60.28008186649483,57.95583869541803,59.74203967177421,176218400
2020-04-02,59.36153793334961,59.41485770307434,57.41537743281441,58.24910070690384,165934000
2020-04-03,58.5084228515625,59.54815085540586,57.91706088463897,58.845304798537626,129880000
2020-04-06,63.61254119873047,63.76764851271487,60.44003414092345,60.80842048337832,201820400
2020-04-07,62.87576675415039,65.84954352590515,62.77155320925698,65.6314125205115,202887200
2020-04-08,64.48503875732422,64.80010532216062,63.312011573340016,63.67797191329824,168895200
2020-04-09,64.95037078857422,65.45448618898067,64.15300782522117,65.12245255308986,161834800
2020-04-13,66.22520446777344,66.33426997710056,64.4268809310659,65.02793942933454,131022800
2020-04-14,69.56977844238281,69.86061483646596,67.38852767558943,67.86113496690535,194994800
2020-04-15,68.9347915649414,69.39527634714266,68.0138220005389,68.44279864460466,131154400
2020-04-16,69.48253631591797,69.8485041120879,68.43068954557212,69.64976614355342,157125200
2020-04-17,68.53974914550781,69.54555411214668,67.1001229261611,68.99781539542603,215250000
2020-04-20,67.1170883178711,68.26830406893325,67.09770267537306,67.36430148645341,130015200
2020-04-21,65.04248046875,67.19464932019156,64.3299378788463,66.95955863717874,180991600
2020-04-22,66.9159164428711,67.35216356380498,65.97070941666404,66.31243213683946,116862400
2020-04-23,66.65660095214844,68.28526852206619,66.61782227235553,66.86018347385354,124814400
2020-04-24,68.5809555053711,68.59065202523993,67.13405870953471,67.18253391260136,126161200
2020-04-27,68.62940979003906,68.96144338063607,67.84900659471111,68.29736880316676,117087600
2020-04-28,67.51698303222656,69.27410181526112,67.42489198474726,69.09233090667134,112004800
2020-04-29,69.73458862304688,70.20476992848462,68.80392253083471,69.00750504510519,137280800
2020-04-30,71.20572662353516,71.3826529846121,69.88486235394257,70.2750603851693,183064000
2020-05-01,70.05936431884766,72.46600961904917,69.2789608424837,69.37590385770176,240616800
2020-05-04,71.05061340332031,71.17906454911665,69.39286360998993,70.08359453961356,133568000
2020-05-05,72.11699676513672,72.95071986963468,71.36567557958281,71.51109377618626,147751200
2020-05-06,72.86104583740234,73.49360499399509,72.43448777558325,72.81984118068168,142333600
2020-05-07,73.61478424072266,73.9613663577404,73.18580760432597,73.48875908671029,115215200
2020-05-08,75.36695861816406,75.42042272236431,73.94773843502071,74.27581328278134,133838400
2020-05-11,76.55286407470703,77.04861391058948,74.66461535055964,74.87361403597093,145946400
2020-05-12,75.67801666259766,77.69019956686239,75.5565080151993,77.2381835420649,162301200
2020-05-13,74.76427459716797,76.78132273772488,73.68527713795434,75.85785250180612,200622400
2020-05-14,75.22355651855469,75.28431082691709,73.27698610540817,74.00118013095506,158929200
2020-05-15,74.77884674072266,74.8250206182074,72.95621710200552,72.99024308175176,166348400
2020-05-18,76.54070281982422,76.91495142147134,75.4131067565653,76.10570732845409,135178400
2020-05-19,76.09843444824219,77.40586118201702,76.06684101530527,76.55773324993602,101729600
2020-05-20,77.57839965820312,77.64886932121465,76.91981756866943,76.95870121876094,111504800
2020-05-21,77.0000228881836,77.98181472796601,76.76186329555514,77.43988355018321,102688800
2020-05-22,77.49578857421875,77.57841356436222,76.63550527544366,76.73756838596826,81803200
2020-05-26,76.97086334228516,78.79591801457437,76.91496669977643,78.61608760624858,125522000
2020-05-27,77.30621337890625,77.45202521130052,76.0862694610132,76.82747651889329,112945200
2020-05-28,77.34025573730469,78.60151611780931,76.7035515978113,76.98058746337966,133560800
2020-05-29,77.26490783691406,78.0449911609041,76.90767216991519,77.58325985255884,153532400
2020-06-01,78.21513366699219,78.33664233901912,77.08752963075794,77.21876107311124,80791200
2020-06-02,78.57720184326172,78.60150505310432,77.50549481099908,77.94778801471988,87642800
2020-06-03,79.009765625,79.2722284031161,78.3244552131719,78.89797976869754,104491200
2020-06-04,78.32933044433594,79.13128449132041,77.95508176147044,78.83237798726375,87560400
2020-06-05,80.56024169921875,80.62099602930866,78.5504911297126,78.57965202154774,137250400
2020-06-08,81.03652954101562,81.07055551560038,79.54440749293843,80.25644625054122,95654400
2020-06-09,83.59550476074219,83.98919153470604,80.68416273702039,80.71575616737768,147712400
2020-06-10,85.7462158203125,86.21523738880465,84.10584918729383,84.5457098689179,166651600
2020-06-11,81.62950134277344,85.31364412865861,81.52743824020874,84.88836389660872,201662400
2020-06-12,82.33424377441406,84.52139908925585,81.22122799958797,83.77290920023673,200146000
2020-06-15,83.35249328613281,84.00621035316378,80.82268254803616,80.98550738644816,138808800
2020-06-16,85.5615234375,85.83370902956554,83.77291975886371,85.41085390565064,165428800
2020-06-17,85.44244384765625,86.36833908315948,85.32093520870518,86.30758476368395,114406400
2020-06-18,85.47649383544922,85.8944839675,84.86651792336617,85.39872650476515,96820400
2020-06-19,84.98798370361328,86.65022062248644,83.87739321224763,86.18363170646789,264476000
2020-06-22,87.21161651611328,87.35499583192716,85.33552267955825,85.38169655946604,135445200
2020-06-23,89.0731201171875,90.49477263698164,88.03786416864946,88.4582867176972,212155600
2020-06-24,87.50080871582031,89.62235242126178,87.12655999609684,88.70131477484408,192623200
2020-06-25,88.66242980957031,88.70131346707345,86.89569672901172,87.65634205576191,137522400
2020-06-26,85.93819427490234,88.77906661891221,85.78994989080277,88.55792002381165,205256800
2020-06-29,87.91881561279297,88.0135959380679,85.36713346604861,85.84587793689936,130646000
2020-06-30,88.6526870727539,88.93945305521017,87.48620727559833,87.50564539182193,140223200
2020-07-01,88.48503875732422,89.27484510027205,88.43643973984622,88.73048864019495,110737200
2020-07-02,88.48503875732422,90.03063287261533,88.37082772891567,89.39392863813931,114041600
2020-07-06,90.85201263427734,91.32103421004693,89.88480117911871,89.91639461248228,118655600
2020-07-07,90.57009887695312,92.0111893796949,90.45831301928035,91.2311060890885,112424400
2020-07-08,92.67949676513672,92.71109019742121,91.46197784699565,91.549467922268,117092000
2020-07-09,93.07804107666016,93.62725502908617,92.02820475666121,93.57379093641129,125642800
2020-07-10,93.24087524414062,93.2992044388239,92.05981473407041,92.67221565599948,90257200
2020-07-13,92.81071472167969,97.16315436612251,92.59685836455567,94.54828649886589,191649200
2020-07-14,94.34658813476562,94.53856641947361,91.25540846734508,92.19101893190584,170989200
2020-07-15,94.99545288085938,96.47542722006055,93.79494692925732,96.22511971933456,153198000
2020-07-16,93.82652282714844,94.68437336507236,93.22626996352706,93.86540647447868,110577600
2020-07-17,93.63697814941406,94.43407445102358,93.16309153453818,94.27854726393537,92186800
2020-07-20,95.61027526855469,95.74879688151813,93.379378684577,93.72446644412312,90318000
2020-07-21,94.29071044921875,96.47786610396867,94.04040293204935,96.40253133583123,103433200
2020-07-22,94.55560302734375,95.2384810662524,93.90431842493187,93.99180109556946,89001600
2020-07-23,90.25175476074219,94.36603535470661,89.44007797032316,94.2882680485315,197004400
2020-07-24,90.02816772460938,90.37325548035092,86.65508713174927,88.44613048133,185438800
2020-07-27,92.16185760498047,92.25420534467249,90.86901149818567,91.09258321042107,121214000
2020-07-28,90.64788055419922,91.90914086643643,90.64301546203014,91.7317355771427,103625600
2020-07-29,92.38545227050781,92.57014778095314,91.09503107606254,91.13148218567702,90329200
2020-07-30,93.50334167480469,93.60783733719364,91.14850337011598,91.55677066710048,158130000
2020-07-31,103.29207611083984,103.44274565146054,98.00887492267535,100.01134253408772,374336800
2020-08-03,105.89476013183594,108.51934330283578,104.87894986963356,105.17785632219838,308151200
2020-08-04,106.6019515991211,107.69552926335136,105.36012955059792,106.08432365144441,173071600
2020-08-05,106.98832702636719,107.30911152444945,105.85586593438347,106.32246224216647,121776800
2020-08-06,110.72109985351562,111.2168571833951,106.73076025201287,107.32129046502143,202428800
2020-08-07,108.20377349853516,110.6991917635781,107.40523995090824,110.24149434670589,198045600
2020-08-10,109.7764892578125,110.7965681078349,107.12038961467015,109.65232461053742,212403600
2020-08-11,106.5117416381836,109.53789059463463,106.25124256694211,109.03880997711208,187902400
2020-08-12,110.05160522460938,110.30966741081477,107.41011206954046,107.60487346037331,165598000
2020-08-13,111.99922943115234,113.00470146799744,110.94506334020708,111.43441109413642,210082000
2020-08-14,111.89942169189453,111.98949901322317,110.08567574687753,111.82395110215055,165565200
2020-08-17,111.60728454589844,113.04854413558671,110.9791727292724,113.02419710369587,119561600
2020-08-18,112.53726196289062,112.96330892543267,111.02296903312585,111.35893868376326,105633600
2020-08-19,112.67847442626953,114.09538682492261,112.58353067113143,112.9462768876478,145538000
2020-08-20,115.17877197265625,115.29319632845385,112.70282683961905,112.71987050380967,126907200
2020-08-21,121.11421966552734,121.59869363243206,116.1282493861733,116.14041918677735,338054800
2020-08-24,122.56278228759766,125.41365111642796,120.69304610980436,125.32843278854135,345937600
2020-08-25,121.55730438232422,121.90301439370454,119.83120611678233,121.43314715380612,211495600
2020-08-26,123.21035766601562,123.66805506312153,121.8080520118478,122.87682491569296,163022400
2020-08-27,121.73748016357422,124.14768792694862,120.59079950469103,123.8141551084685,155552400
2020-08-28,121.54024505615234,123.132438062608,121.31626281349656,122.71369446694932,187630000
2020-08-31,125.6619644165039,127.570661771966,122.70155254402836,124.24019284317771,225702700
2020-09-01,130.66737365722656,131.27115314665346,127.11293080171876,129.28454878420325,151948100
2020-09-02,127.96018981933594,134.36793960946636,123.67537946659266,133.98814966847021,200119000
2020-09-03,117.7155532836914,125.46717239071351,117.34550374738473,123.58770382002211,257599600
2020-09-04,117.79347229003906,120.46174167565064,107.98708803912147,116.92677156884038,332607200
2020-09-08,109.86656951904297,115.87504793239557,109.7302350684399,110.96698542167366,231366600
2020-09-09,114.24877166748047,116.02112702129683,112.24270116526816,114.19034473779914,176940500
2020-09-10,110.5190200805664,117.345512119,109.5549387003112,117.20917767854652,182274400
2020-09-11,109.06803131103516,112.21347869736357,107.12038789476668,111.57075280375336,180860300
2020-09-14,112.34004974365234,112.8951277059584,109.84706906096808,111.71680457298127,140150100
2020-09-15,112.51538848876953,115.71926358142775,110.63591183653148,115.23235260861657,184642000
2020-09-16,109.19464111328125,112.9633343387469,109.10700071322607,112.21349478503636,154679000
2020-09-17,107.45149993896484,109.26280918405165,105.86417298963443,106.84773514371666,178011000
2020-09-18,104.04312133789062,107.97736244484516,103.31275496127046,107.509932124424,287104900
2020-09-21,107.19831085205078,107.30543184974553,100.40103108135007,101.80333692050233,195713800
2020-09-22,108.88300323486328,109.90551900427155,106.3023816419501,109.730230798935,183055400
2020-09-23,104.3157958984375,109.17516469365749,103.97495231814074,108.69799408278124,150718700
2020-09-24,105.3869857788086,107.36384264511429,102.25127870963266,102.41682661585128,167743300
2020-09-25,109.34071350097656,109.49652855947329,104.85139428601482,105.59150095453244,149981400
2020-09-28,111.9505386352539,112.30111503190352,109.82760709095112,111.99923269077127,137672400
2020-09-29,111.10330200195312,112.29136553440426,110.59691804254352,111.55126647293399,99382200
2020-09-30,112.77831268310547,114.19035890619524,110.64564775874543,110.8111956998303,142675200
2020-10-01,113.73263549804688,114.63828996240579,112.7977675718812,114.56038244447453,116120400
2020-10-02,110.06131744384766,112.34980421996083,109.28226459701011,109.93472330652477,144712000
2020-10-05,113.45022583007812,113.59630056815382,110.57745484315866,110.9280312426724,106243800
2020-10-06,110.1976547241211,113.08016573983656,109.31147351071068,112.67115502536377,161498200
2020-10-07,112.06742095947266,112.5251184204905,111.1422857385701,111.61946379732167,96849000
2020-10-08,111.96028137207031,113.35284669197739,111.59022437328177,113.20677195191192,83477200
2020-10-09,113.9079360961914,113.93714956117775,111.91159845252474,112.26217489170202,100506900
2020-10-12,121.1434326171875,121.90301242749467,116.15746235896894,116.91704216927612,240226800
2020-10-13,117.92979431152344,122.10748986841068,116.51775596294262,121.99062860169265,262330500
2020-10-14,118.01746368408203,119.8092921898273,116.48856378941026,117.83243516871921,150712000
2020-10-15,117.55001831054688,118.02718887052616,115.05703709797092,115.61211517826072,112559200
2020-10-16,115.90425109863281,118.36802614774093,115.69974944089714,118.10509013803102,115393800
2020-10-19,112.9438705444336,117.26763485510111,112.63224782447853,116.8196776595202,120639300
2020-10-20,114.43379974365234,115.86531895269678,112.60301003753486,113.15808815638162,124423700
2020-10-21,113.810546875,115.60237527015637,113.40153610682727,113.61577807356772,89946000
2020-10-22,112.71985626220703,114.94990873770219,111.59021957921263,114.37535009937378,101988000
2020-10-23,112.02845764160156,113.49893059893087,111.28835101391871,113.34311554903111,82572600
2020-10-26,112.03820037841797,113.49893306950727,109.92500143875907,111.02542482103557,111850700
2020-10-27,113.54761505126953,114.20981414129767,111.54154461515651,112.46667230975785,92276800
2020-10-28,108.28897857666016,112.40824796037595,108.19159788494271,112.03819835998142,143937800
2020-10-29,112.30113220214844,113.86898592975078,109.2628054431977,109.42836079946737,146129200
2020-10-30,106.0102310180664,109.05829026903429,104.90007487274673,108.15263578946613,190272600
2020-11-02,105.92257690429688,107.78257980979633,104.51053849295829,106.25368012654585,122866900
2020-11-03,107.54888153076172,108.57138995878809,105.88364715111534,106.78930171860765,107624400
2020-11-04,111.9407958984375,112.56404116119307,109.40886108978425,111.1520027380027,138235500
2020-11-05,115.91400909423828,116.4885678267502,113.81055784373574,114.8622797541516,126387100
2020-11-06,115.78231048583984,116.27981104293774,113.2850208285467,115.42137214222052,114457900
2020-11-09,113.47037506103516,119.00146877246537,113.20699283584307,117.54797309772637,154515300
2020-11-10,113.12895202636719,114.70926027820961,111.33402473178882,112.71924303088868,138023400
2020-11-11,116.56269836425781,116.69926800957136,113.58742258565564,114.31904887518712,112295000
2020-11-12,116.28956604003906,117.57722808905325,115.6652454976375,116.68952534133676,103162300
2020-11-13,116.33834838867188,116.73830026220503,114.98240146299398,116.5139390128418,81581900
2020-11-16,117.3528823852539,118.02597364016941,115.25555179677478,116.00668499044508,91183000
2020-11-17,116.46516418457031,117.71380535006969,116.04569809530207,116.62124805150194,74271000
2020-11-18,115.13848114013672,116.88463032919714,115.10921727569527,115.70427399429921,76322100
2020-11-19,115.7335433959961,116.14325240275551,113.94837315477305,114.70926343660877,74113000
2020-11-20,114.46537780761719,115.86034568136424,114.41660718303845,115.73353312647382,73604300
2020-11-23,111.06087493896484,114.7385207767759,110.96332625053886,114.30929761671617,127959300
2020-11-24,112.34854125976562,113.01188278583413,109.83174481299207,111.11941434226163,113874200
2020-11-25,113.1874771118164,113.8898396262195,112.34854493544476,112.7192403972066,76499200
2020-11-27,113.73374938964844,114.61170248347958,113.37281849287028,113.71424262866907,46691300
2020-11-30,116.13349151611328,118.00645317380616,113.9483621396502,114.10444599903529,169410200
2020-12-01,119.7136001586914,120.4452266191373,117.06999077471228,118.04549272197347,127728200
2020-12-02,120.06475830078125,120.34765470402952,117.92840706667509,119.03072137520432,89004200
2020-12-03,119.92819213867188,120.7476100677901,119.2160725590913,120.4939775191396,78967600
2020-12-04,119.25509643554688,119.85015313585949,118.54297683857845,119.59652058101604,78260400
2020-12-07,120.71834564208984,121.51825680642276,119.25509296764027,119.3136206930221,86712000
2020-12-08,121.33291625976562,121.9182233181416,120.07451799223874,121.32316659995087,82225500
2020-12-09,118.7966079711914,122.86444868955574,118.03571775825858,121.47923792024274,115089200
2020-12-10,120.2208480834961,120.83541902329915,117.2065508848971,117.54797505007178,81312200
2020-12-11,119.41117858886719,119.75260272945025,117.5967446503537,119.4306853501199,86939800
2020-12-14,118.7966079711914,120.32814549895028,118.56248962317086,119.596519149209,79184500
2020-12-15,124.74715423583984,124.76666843755753,121.0890228749409,121.29387733805277,157243700
2020-12-16,124.67888641357422,125.22516505635238,123.45950912702416,124.28869163586886,98208600
2020-12-17,125.54707336425781,126.40551967508249,124.9032386311393,125.74217073899736,94359800
2020-12-18,123.55706024169922,125.93728698989182,123.03028838222276,125.80071733474844,192541500
2020-12-21,125.0886001586914,125.16664209419943,120.42570242817166,121.95724006069578,121251600
2020-12-22,128.6492156982422,131.11723470509068,126.4738353997314,128.3858259757582,168904800
2020-12-23,127.751708984375,129.1856827869869,127.57611093845898,128.92230804557482,88223700
2020-12-24,128.7369842529297,130.19048741225336,127.88830238079585,128.1029139851249,54930100
2020-12-28,133.34133911132812,133.97540930683178,130.23923574746274,130.70748731350233,124486200
2020-12-29,131.56590270996094,135.38986738995195,131.04888802650385,134.66800569567732,121047300
2020-12-30,130.444091796875,132.6584848793838,130.13192410023277,132.2585255999266,96452100
2020-12-31,129.43936157226562,131.43914363088683,128.49312345016165,130.79530874440758,99116600
2021-01-04,126.23969268798828,130.33679730921182,123.6546114053764,130.24900571878715,143301900
2021-01-05,127.80047607421875,128.51260305310566,125.28367982884573,125.73241717328166,97664900
2021-01-06,123.49852752685547,127.83951504225611,123.28391593808439,124.59109223219541,155088000
2021-01-07,127.71269226074219,128.40530507940545,124.72765917194701,125.2154100658018,109578200
2021-01-08,128.8150177001953,129.38081053932285,127.03959725138373,129.18569826826229,105158200
2021-01-11,125.82022094726562,126.98107049808904,125.35198424007667,126.0250828794601,100384500
2021-01-12,125.64464569091797,126.512841772657,123.75216965353734,125.35199214859502,91951100
2021-01-13,127.68346405029297,128.22974282234873,125.34226506005965,125.60563989909929,88636800
2021-01-14,125.75196075439453,127.79075627059156,125.60562652996778,127.59565885633445,90221800
2021-01-15,124.02528381347656,127.029830793785,123.88871417277956,125.62510598377331,111598500
2021-01-19,124.69839477539062,125.55684110809314,123.8301987834441,124.64961670921872,90757300
2021-01-20,128.7954864501953,129.2442237752779,125.40074474969568,125.50805053058666,104319500
2021-01-21,133.5169219970703,136.24832991984417,130.31727739424184,130.52213931456455,120150900
2021-01-22,135.66305541992188,136.4239457057513,131.7122697758214,132.941396802551,114459400
2021-01-25,139.418701171875,141.53553807458803,133.19499556294772,139.5650353578536,157611700
2021-01-26,139.65283203125,140.76490341435823,137.90667558906043,140.0820551764804,98390600
2021-01-27,138.5797576904297,140.76488667679246,136.97018597217604,139.91619014600965,140843800
2021-01-28,133.7315216064453,138.51148876469895,133.35107654702082,136.1019984266858,142621100
2021-01-29,128.7272186279297,133.39011584373532,127.0200905501982,132.50240567092084,177523800
2021-02-01,130.85382080078125,132.06344848329783,127.72245323542478,130.47337566526852,106239800
2021-02-02,131.68301391601562,132.9706687530236,131.3123184109022,132.40487583442152,83305400
2021-02-03,130.65869140625,132.44386118494435,130.33677408042246,132.43409664220874,89880900
2021-02-04,134.02420043945312,134.03395009949696,131.29279224448268,132.96090698056452,84183100
2021-02-05,133.60897827148438,134.2537751308866,132.72972066845895,134.1853957164029,75693800
2021-02-08,133.75550842285156,133.8043593718813,131.81135394631426,132.89577942302134,71297200
2021-02-09,132.87623596191406,134.70316008517767,132.71993379523988,133.47218176230825,76774200
2021-02-10,132.27053833007812,133.83367940103972,131.30334311535862,133.33542054472144,73046600
2021-02-11,132.01654052734375,133.2475041169639,130.68787502592983,132.76878860072446,64280000
2021-02-12,132.25100708007812,132.40732418293499,130.60972222173942,131.25451909060936,60145100
2021-02-16,130.12124633789062,132.87626454864636,129.7304535690892,132.3682563100343,80576300
2021-02-17,127.82540130615234,129.17361043858315,126.4869713111704,128.22595835379073,97918500
2021-02-18,126.72142791748047,127.00473962361812,124.4744180042341,126.22316901372119,96856700
2021-02-19,126.87772369384766,127.69838099168602,125.83238479543854,127.23920884062578,87668800
2021-02-22,123.0969009399414,126.73119158884104,122.70611563671171,125.06058423119387,103916400
2021-02-23,122.96012878417969,123.790542905723,115.66223979910613,120.9085152328345,158273000
2021-02-24,122.46188354492188,122.6670441651076,119.41377438375086,122.0613339874955,111039900
2021-02-25,118.20233154296875,123.54630136895392,117.76270273555825,121.80731459672973,148199500
2021-02-26,118.46611785888672,121.97339908752899,118.4074952170664,119.76546840374732,164560400
2021-03-01,124.84566497802734,124.98243872223235,119.96086710324863,120.89874740077293,116307900
2021-03-02,122.23719787597656,125.75425123414855,122.12973171486038,125.45139611842703,102260900
2021-03-03,119.24767303466797,122.81357666599573,119.03274075416354,121.93431163375459,112966300
2021-03-04,117.36212921142578,120.75217949810703,115.88692589442263,118.94480611156877,178155000
2021-03-05,118.62242889404297,119.13045204315196,114.8611360499832,118.1925717528084,153766600
2021-03-08,113.67901611328125,118.2121079198701,113.53247068712139,118.14372104814352,154376600
2021-03-09,118.30003356933594,119.24768556736947,116.05303097701893,116.28749919238894,129525800
2021-03-10,117.2155990600586,119.35513520480015,116.69780428624436,118.88619883894275,111943300
2021-03-11,119.14998626708984,120.37118570913563,118.46611756098815,119.71662459706546,103026500
2021-03-12,118.2414321899414,118.37820595268377,116.41452230747787,117.62595025760073,88105100
2021-03-15,121.13321685791016,121.14298854077106,117.64547143758236,118.61266679333781,92403800
2021-03-16,122.67681121826172,124.28879597729674,121.84639708591334,122.80381327731409,115227900
2021-03-17,121.88545227050781,122.9601060795765,119.52120494622659,121.19181201689432,111932600
2021-03-18,117.7529296875,120.34187390478134,117.54776908284731,120.04878306750058,121229700
2021-03-19,117.22537994384766,118.63220414852485,116.92252485396695,117.13745715786044,185549500
2021-03-22,120.54702758789062,121.0159714098922,117.48914715086833,117.55753401515928,111912300
2021-03-23,119.71661376953125,121.37744187905922,119.32582849269843,120.48841264153353,95467100
2021-03-24,117.32306671142578,120.06832806693622,117.30353080035886,119.99016951544908,88530500
2021-03-25,117.8115463256836,118.85690017985242,116.25818424833348,116.7857432897759,98844700
2021-03-26,118.41725158691406,118.68103480697057,116.18001359832799,117.57706588103078,94071200
2021-03-29,118.59310150146484,119.75568557783248,117.94831217045024,118.84711303361424,80819200
2021-03-30,117.13744354248047,117.62592328414752,116.12140478537988,117.3426041395475,85671900
2021-03-31,119.3355941772461,120.67402380710459,118.35863476106496,118.84711446915553,118323800
2021-04-01,120.16602325439453,121.31883580815018,119.66777180267046,120.8108201276386,75089100
2021-04-05,122.99919891357422,123.25321046309428,120.2344018212396,121.0159723796355,88651200
2021-04-06,123.30204772949219,124.20084860867148,122.75495283844548,123.58536685624392,80171300
2021-04-07,124.95310974121094,124.97264564977796,122.25669968882636,122.9308040653247,83466700
2021-04-08,127.35643768310547,127.38574527476092,125.558835827885,125.9789212464254,88844600
2021-04-09,129.9356231689453,129.97469499267643,126.48695706989602,126.80935551775305,106686700
2021-04-12,128.2161865234375,129.78909211563084,127.62024055602956,129.46669365058517,91420000
2021-04-13,131.33262634277344,131.5573377060703,128.89022818949223,129.38848695337938,91266500
2021-04-14,128.98797607421875,131.88954730756276,128.62650578894565,131.83093211613695,87222800
2021-04-15,131.40109252929688,131.8895724271753,130.56090650865704,130.73676702364946,89347100
2021-04-16,131.0688934326172,131.56713742369558,130.2091642804324,131.20566716980846,84922400
2021-04-19,131.73321533203125,132.34870458701315,130.2677760828126,130.43385740885776,94264200
2021-04-20,130.0430450439453,132.40728461608418,128.77299505039238,131.90904077023842,94812300
2021-04-21,130.42410278320312,130.66834267605557,128.27479470754565,129.3103694680848,68847100
2021-04-22,128.90005493164062,131.0591273485487,128.38226752447872,129.97470157167325,84566500
2021-04-23,131.22520446777344,132.0067601257526,129.11496841390496,129.11496841390496,78657500
2021-04-26,131.61595153808594,131.94811410582247,130.482675228757,131.723417652026,66905100
2021-04-27,131.2935791015625,132.29008190860543,131.020031649781,131.89928918661894,66015800
2021-04-28,130.5022430419922,131.90906701274747,130.01376332476983,131.21541925511582,107760100
2021-04-29,130.40457153320312,133.9118680499025,129.39830427373977,133.32568628970844,151101000
2021-04-30,128.4311065673828,130.4827126391567,128.05009294639484,128.74372586570195,109839500
2021-05-03,129.48622131347656,130.9809832448479,128.79258833218879,128.99774150408825,75135100
2021-05-04,124.90426635742188,128.4604056744001,123.78076147972025,128.16731485287474,137564700
2021-05-05,125.14852142333984,127.44436736840763,125.02151191446714,126.22316795915263,84000900
2021-05-06,126.75072479248047,126.76048902041141,124.20085257038014,124.94334384163355,78128300
2021-05-07,127.42598724365234,128.4535252531299,126.71158461839184,128.05230280970937,78973300
2021-05-10,124.13783264160156,126.77031297110203,124.09868698123913,126.64310264089885,88071200
2021-05-11,123.21793365478516,123.57022965949967,120.14506283201645,120.85945805547941,126142800
2021-05-12,120.14505767822266,121.97507799254855,119.6361790565564,120.76159245913604,112172300
2021-05-13,122.29801177978516,123.45278244324763,121.6031932189441,121.91635098532697,105861300
2021-05-14,124.72498321533203,125.15557794607483,123.15919437572654,123.55064345219544,81918000
2021-05-17,123.5702133178711,124.21610541801878,122.49373395056179,124.10845673466083,74244600
2021-05-18,122.18057250976562,124.27481643282015,122.11206948298421,123.85400999222864,63342900
2021-05-19,122.02399444580078,122.24907261430089,120.23312004612022,120.526708706034,92612000
2021-05-20,124.58797454833984,124.98921189653866,122.42522759234049,122.55245283263278,76857100
2021-05-21,122.74818420410156,125.2632347914988,122.53288682470038,125.08708306892244,79295400
2021-05-24,124.3824691772461,125.20451299175396,123.24727505830785,123.31577808732766,63092900
2021-05-25,124.1867446899414,125.5763892558692,123.61914391415893,125.08707232073915,72009500
2021-05-26,124.13783264160156,124.6662878570876,123.71702612554442,124.24548134103046,56575900
2021-05-27,122.60138702392578,124.91092845931593,122.40566621059594,123.73658864679605,94625600
2021-05-28,121.9457015991211,123.11026047811285,121.88698685438862,122.88517484618893,71311100
2021-06-01,121.62276458740234,122.66988658829085,121.29003772089115,122.40566275113609,67637100
2021-06-02,122.38607788085938,122.56222958242566,121.39767816243663,121.62275632949539,59278900
2021-06-03,120.8985824584961,122.18057085645934,120.49734511687012,122.01420743170851,76229200
2021-06-04,123.19833374023438,123.46256502652562,121.20195027180942,121.41724762618904,75169300
2021-06-07,123.20812225341797,123.61914040368376,122.16100031844385,123.47234607394033,71057600
2021-06-08,124.03016662597656,125.71339992147556,123.51149976456149,123.89316056697146,74403800
2021-06-09,124.41184997558594,125.01859653704817,123.8148916961895,124.49014129956912,56877900
2021-06-10,123.41365051269531,125.44917995366876,123.24728706405148,124.30418997670186,71186400
2021-06-11,124.62712860107422,124.71520819384888,123.40385484671293,123.82466131686404,53522400
2021-06-14,127.69020080566406,127.74891555547661,124.3531139538749,125.0870781916131,96906500
2021-06-15,126.8681640625,127.80764485430359,126.62350931732142,127.16175274322241,62746300
2021-06-16,127.36722564697266,128.09140890512012,125.71337248582618,127.58252296878575,91815000
2021-06-17,128.97218322753906,129.71594317700723,126.87793929818906,127.02474109836618,96721700
2021-06-18,127.67063903808594,128.6981770237655,127.45534166731444,127.91529378373167,108953300
2021-06-21,129.4713134765625,129.5789621778242,126.44738395822412,127.5140752227446,79663300
2021-06-22,131.11534118652344,131.2132090384515,128.8058002468752,129.3049053861556,74783600
2021-06-23,130.8413543701172,131.4481082905956,130.38140225586088,130.90986486619562,60214200
2021-06-24,130.55755615234375,131.76125326543314,130.08780831049526,131.57531327793558,68711000
2021-06-25,130.2639617919922,131.0272833359651,129.97037313680121,130.60648437847152,70783700
2021-06-28,131.8982696533203,132.3582217849953,130.49885162942402,130.5575663811202,62111300
2021-06-29,133.41513061523438,133.57171323969362,131.4774691683095,131.91784473362776,64556100
2021-06-30,134.03163146972656,134.47200692367426,132.96492567634033,133.25851428981784,63261400
2021-07-01,134.33505249023438,134.3937672489735,132.85732804343257,133.6793794634092,52485800
2021-07-02,136.967529296875,137.00666748869628,134.80477461834224,134.95156150334915,78852600
2021-07-06,138.9834442138672,140.08927328827994,137.07514056705634,137.07514056705634,108181800
2021-07-07,141.47897338867188,141.79212374224406,139.60980728509813,140.4709819568287,104911600
2021-07-08,140.17739868164062,140.9798585410617,137.66234054504386,138.55288746806352,105575500
2021-07-09,142.0074005126953,142.53584819056374,139.59999125619547,139.69785912702397,99890800
2021-07-12,141.4104766845703,143.19157082496605,140.92116707666523,143.08392211392515,76299700
2021-07-13,142.52606201171875,144.30715565248005,140.55904331544653,140.95048491894528,100827100
2021-07-14,145.9610137939453,146.37204690308326,144.52244270958388,144.93347581872183,127050800
2021-07-15,145.30531311035156,146.79281784563116,143.94503359561688,146.04907294426016,106820300
2021-07-16,143.25999450683594,146.5579348305551,142.76090433296852,145.28574243451615,93251400
2021-07-19,139.4042510986328,140.98962377727935,138.6409295962446,140.676458580126,121434600
2021-07-20,143.02517700195312,143.95487710280224,139.90339458333094,140.39270413849675,96350000
2021-07-21,142.2911834716797,143.0055860270602,141.53765766277516,142.41840870833036,74993500
2021-07-22,143.6612548828125,145.03131534477524,142.69241681379228,142.81964204688137,77338200
2021-07-23,145.3836212158203,145.540203823437,143.77868681909763,144.39522150375126,71447400
2021-07-26,145.804443359375,146.6264796970787,144.54201654625697,145.09983651776034,72434100
2021-07-27,143.6319122314453,146.01974493776575,142.43799587828508,145.93165788061674,104818600
2021-07-28,141.8801727294922,143.82762983683932,139.49234007637435,141.71380929809172,118931200
2021-07-29,142.52606201171875,143.4166088320994,141.48872832316107,141.5963770040042,56699500
2021-07-30,142.74134826660156,143.2013003278204,141.0287652526068,141.29299652730543,70440600
2021-08-02,142.40859985351562,143.80801745095812,142.14436861886256,143.23063599184002,62880000
2021-08-03,144.20925903320312,144.8747126129823,142.07586240162897,142.69239699012917,64786600
2021-08-04,143.80804443359375,144.63008072615645,143.15237156220167,144.12120964935443,56368300
2021-08-05,143.9157257080078,144.6790474286487,143.04475528663332,143.83743438633402,46397700
2021-08-06,143.22964477539062,144.1803285775889,142.729806727241,143.43546923928326,54126800
2021-08-09,143.1806640625,143.77851671947906,142.62202319396428,143.2884740483459,48908700
2021-08-10,142.70040893554688,144.76838927434818,142.40638038902802,143.52367690186915,69023100
2021-08-11,142.95521545410156,143.79808925109194,142.63178557160285,143.14143401871405,48493500
2021-08-12,145.92486572265625,146.08168292330208,142.93560326308238,143.27863902013124,72282600
2021-08-13,146.13070678710938,146.4639321601955,145.31723429051934,146.0032909277299,59375000
2021-08-16,148.11044311523438,148.17905624484246,143.55305376409413,145.58182197453553,103296000
2021-08-17,147.19900512695312,148.65932256875118,146.12090537704304,147.2382019565344,92229700
2021-08-18,143.44529724121094,147.7184701089043,143.2394727306363,146.81679335121513,86326000
2021-08-19,143.77850341796875,145.05261723602476,141.6223188554431,142.1417628423952,86960300
2021-08-20,145.23883056640625,145.54265459061057,143.85690682252826,144.50376665433245,60549600
2021-08-23,146.72853088378906,147.19896749305934,144.94476901815275,145.356402920628,60131800
2021-08-24,146.64035034179688,147.85566143575133,146.17970907783348,146.47373764386114,48606400
2021-08-25,145.40541076660156,147.32638394106021,144.8565655610163,146.8265310214013,58991300
2021-08-26,144.60177612304688,146.15031266530553,144.57237476094,145.3956577646763,48597200
2021-08-27,145.6407012939453,145.78770812689643,143.9059458905376,144.54299543988165,55802400
2021-08-30,150.07064819335938,150.43328990399013,145.6504691143869,146.0327017624141,90956700
2021-08-31,148.8063507080078,149.7570346314379,148.27709627902888,149.6198232896498,86453100
2021-09-01,149.4727783203125,151.89358979635324,149.30616564221367,149.7864127413778,80313700
2021-09-02,150.59007263183594,151.63877088807703,149.36496623243957,150.80569255452266,71115500
2021-09-03,151.22714233398438,151.5505722295667,150.04123271684918,150.6978879757905,57808700
2021-09-07,153.56956481933594,154.12820565202878,151.31536568577172,151.8838169424037,82278300
2021-09-08,152.02101135253906,153.91256855272437,150.91351032460727,153.85376583529663,74420200
2021-09-09,151.00173950195312,153.00110680340413,150.8841191042815,152.39345874260397,57305700
2021-09-10,146.00328063964844,152.38362934848664,145.73865347147373,151.9131926811076,140893200
2021-09-13,146.57174682617188,148.4045013917985,145.78767566355324,147.63024065247,102404300
2021-09-14,145.17022705078125,148.06149059395435,143.98433223540385,147.35582799517005,109296300
2021-09-15,146.06207275390625,146.46391121069288,143.45504295049025,145.6014315873286,83281300
2021-09-16,145.82687377929688,146.00329689602742,144.28814775543293,145.48385292412618,68034100
2021-09-17,143.15126037597656,145.85630544788768,142.85723178708423,145.85630544788768,129868800
2021-09-20,140.0933837890625,141.9555397257547,138.4566432656741,140.93625767675672,123478900
2021-09-21,140.57359313964844,141.72030582149347,139.93654383187783,141.0636356702139,75834000
2021-09-22,142.94541931152344,143.51385551514431,140.83822735154473,141.57329118423013,76404300
2021-09-23,143.90589904785156,144.15092032629136,142.7395953696922,143.72947595082067,64838200
2021-09-24,143.99412536621094,144.53317525304487,142.66120880736443,142.75922331584852,53477900
2021-09-27,142.47499084472656,143.05325251947903,140.9558706409002,142.57300535364445,74150700
2021-09-28,139.0838623046875,141.86730004277322,138.86824241392918,140.39717258119006,108972300
2021-09-29,139.9855499267578,141.5732829271844,139.20147889330738,139.63271870945067,74602000
2021-09-30,138.68203735351562,141.50468713963937,138.46641744180278,140.79902469310844,89056700
2021-10-01,139.8091278076172,140.07375496115557,136.33963327586,139.07406401271928,94639600
2021-10-04,136.3690643310547,139.37793329849515,135.516394928842,138.93688296157117,98322000
2021-10-05,138.2998046875,139.40730560106334,136.58465581671635,136.71207166126047,80861100
2021-10-06,139.172119140625,139.31912596056787,135.61440454885152,136.69250441148458,83221100
2021-10-07,140.4364013671875,141.3478883774017,139.87776058117706,140.2109859591421,61732700
2021-10-08,140.05416870117188,141.308676557224,139.72094332329533,141.1616697596059,58773200
2021-10-11,139.96595764160156,141.9261279382809,138.9858724932619,139.43671824165966,64452200
2021-10-12,138.6918487548828,140.3972023557475,138.2312075228374,140.37759646472705,73035900
2021-10-13,138.1038055419922,138.58403770640166,136.4278533132654,138.42723544419957,78762700
2021-10-14,140.89703369140625,141.01465407700306,138.69184213659864,139.2798991998456,69907100
2021-10-15,141.95555114746094,142.01435387262677,140.65203590493044,140.90686765386886,67940300
2021-10-18,143.63150024414062,143.9157183941278,140.30901175541666,140.59322990540383,85589200
2021-10-19,145.7974853515625,146.1993239178965,143.63150519092176,144.08233605883038,76378900
2021-10-20,146.2875213623047,146.76776852622643,145.17022475769727,145.73867600634514,58418800
2021-10-21,146.5030975341797,146.65991471899258,144.9251601299109,145.8464423970493,61421000
2021-10-22,145.7288818359375,147.18919932357423,145.67987458123707,146.70896711028783,58883400
2021-10-25,145.67984008789062,146.39529798138776,144.68014915737908,145.71903690942145,50720600
2021-10-26,146.34634399414062,147.8360628807674,146.04250498938632,146.3561394633592,60893400
2021-10-27,145.88568115234375,146.74814591850827,145.53284989871335,146.38551919710656,56094900
2021-10-28,149.5316162109375,150.1196583975848,146.7383672208912,146.83638172945626,100077900
2021-10-29,146.81675720214844,146.95396852377547,143.4942691703326,144.2881357422398,124953200
2021-11-01,145.9934844970703,146.71873790698544,144.85658218082636,146.02288585396352,74588300
2021-11-02,147.03237915039062,148.55151413172558,145.6896523186095,145.69946274130425,69122000
2021-11-03,148.47312927246094,148.94356603476174,146.83638859629943,147.3950294474851,54511500
2021-11-04,147.95367431640625,149.39438585976856,147.64003986144715,148.5613223792471,60394600
2021-11-05,148.48367309570312,149.38666561598743,147.28622291132336,149.08239818789303,65463900
2021-11-08,147.65921020507812,148.76832763273148,147.38438703345884,148.61128154130913,55020900
2021-11-09,148.02235412597656,148.63088895973019,147.2862174812468,147.42362905586018,56787900
2021-11-10,145.18577575683594,147.35493167322633,145.11707745747125,147.2469643655917,65187100
2021-11-11,145.13671875,146.6678808138986,144.95022837459734,146.2065822230877,41000000
2021-11-12,147.21754455566406,147.619954608485,144.75393057491192,145.68636749026334,63804000
2021-11-15,147.22732543945312,149.0725793775171,146.66785441394896,147.59048138298093,59222800
2021-11-16,148.2088623046875,148.6898103620709,146.5795427405627,147.16845811789992,59256200
2021-11-17,150.65284729003906,152.13493057693609,148.19905808718525,148.20886785237,88807000
2021-11-18,154.95184326171875,155.73705863714747,150.22094645963304,150.86875026761706,137827700
2021-11-19,157.5823211669922,158.04363466373403,153.63662454715842,154.7359171470172,117305600
2021-11-22,158.04364013671875,162.63712578240353,158.0240056319732,158.69142902593197,117467900
2021-11-23,158.4264373779297,158.8092278647629,156.11986971576832,158.14178946554063,96041900
2021-11-24,158.94662475585938,159.14292486333943,156.68913607799328,157.7786188977565,69463600
2021-11-26,153.91146850585938,157.48418491516793,153.46978945346842,156.62046131710616,76959800
2021-11-29,157.27804565429688,158.2104823634522,155.85483622919187,156.42411700388635,88748200
2021-11-30,162.24453735351562,162.460471991212,156.96397844815215,157.0326917313919,174048100
2021-12-01,161.7243194580078,167.1520991872997,161.48875033716251,164.3842181801369,152052500
2021-12-02,160.7329864501953,161.1648557029123,154.88316196359054,155.80578900771513,136739200
2021-12-03,158.84848022460938,161.9108190637314,156.76767195675856,160.98819200859322,118023100
2021-12-06,162.26412963867188,164.77680661253436,161.24334525758016,161.25315501974475,107497000
2021-12-07,168.01583862304688,168.40845386171824,165.22833782381016,165.95466478279718,120405400
2021-12-08,171.84373474121094,172.70747316976616,167.54469207856837,168.94826702497062,116998900
2021-12-09,171.33331298828125,173.48283394947745,170.70514377842468,171.67684934323177,108923700
2021-12-10,176.13296508789062,176.3096456774387,171.4609563916024,171.971348678727,115402700
2021-12-13,172.49154663085938,178.76343034110303,172.28542177740803,177.77209005921313,153237000
2021-12-14,171.1076202392578,174.45459210584534,169.02681191245964,172.01061281459928,139380400
2021-12-15,175.98577880859375,176.18207896529583,169.12497825280275,171.8732253768577,131063300
2021-12-16,169.07586669921875,177.7917297535116,167.59378358012162,175.96611019421348,150185800
2021-12-17,167.97657775878906,170.26351088458148,166.55338314622006,166.7889373031069,195432700
2021-12-20,166.61227416992188,167.42693392036205,164.3646100212536,165.1694450305174,107499100
2021-12-21,169.79237365722656,169.9984835275847,165.9938984450784,168.38879868844631,91185900
2021-12-22,172.39341735839844,172.6093520110506,168.96792216563543,169.84147054164066,92135300
2021-12-23,173.02157592773438,173.58104703171455,172.03025052234963,172.59953139110942,68356600
2021-12-27,176.99671936035156,177.08505217463284,173.7969837257714,173.81660325556263,74919600
2021-12-28,175.9759063720703,177.97820636728795,175.22995998807548,176.82983503623868,79144300
2021-12-29,176.0642547607422,177.29114913280281,174.84717015203242,176.01517599051218,62348900
2021-12-30,174.9060821533203,177.23228437904302,174.79811483502314,176.1526111960713,59773000
2021-12-31,174.28770446777344,175.9170087214449,173.98342209987004,174.79808171507432,64062300
2022-01-03,178.64564514160156,179.49957387951153,174.4251401333062,174.5429172102293,104487900
2022-01-04,176.37835693359375,179.55847298837972,175.80907606705392,179.25420553725706,99310400
2022-01-05,171.6866912841797,176.83964771384632,171.4118681394032,176.2900014242933,94537600
2022-01-06,168.8206787109375,172.05968310015797,168.46733250526367,169.50773661732023,96904000
2022-01-07,168.987548828125,170.92113587009246,167.86862157848182,169.69424129913546,86709100
2022-01-10,169.00717163085938,169.31143906710747,165.06147477041716,165.95465755063788,106765600
2022-01-11,171.84373474121094,171.94187730471353,167.66248412220457,169.13475736538487,76138300
2022-01-12,172.28543090820312,173.90492564658769,171.58856322387598,172.86452151388104,74805200
2022-01-13,169.00717163085938,173.35527850038557,168.61455640929785,172.53080900021536,84505800
2022-01-14,169.87091064453125,170.56777832766494,167.92749898971087,168.17287788763613,80440800
2022-01-18,166.6613311767578,169.35067400164021,166.27854073936825,168.33971425733603,90956700
2022-01-19,163.15731811523438,167.9176743026287,162.87268520870163,166.85763576058818,94815000
2022-01-20,161.46914672851562,166.54358123585433,161.14524474165466,163.89349177041368,91420500
2022-01-21,159.407958984375,163.25549850314817,159.29999166470387,161.38080003283116,122848900
2022-01-24,158.6325225830078,159.29996087836932,151.84043745137762,157.06210684561927,162294600
2022-01-25,156.82656860351562,159.75148103294072,154.11759081418975,156.04135309194953,115798400
2022-01-26,156.73822021484375,161.35134029387297,154.90279093312674,160.47779205545413,108275300
2022-01-27,156.27691650390625,160.81151382611307,155.35428943492713,159.44720772831658,121954600
2022-01-28,167.18154907226562,167.2011835771804,159.79073801782928,162.64695192499494,179935700
2022-01-31,171.54930114746094,171.76523578487254,166.37670956776643,167.0147037152971,115541600
2022-02-01,171.3824462890625,171.6081906924981,169.12495732448602,170.79353091508946,86213900
2022-02-02,172.58970642089844,172.62897543344508,170.1261075578704,171.51985796847407,84914300
2022-02-03,169.70404052734375,172.98231399971922,168.93845956073986,171.25483696595504,89418100
2022-02-04,169.41905212402344,171.09958880025067,167.7385154477962,168.72128157532018,82465400
2022-02-07,168.70162963867188,170.95215737367448,168.00385912062177,169.88094594072888,77251200
2022-02-08,171.81700134277344,172.32804392038554,168.4755875609354,168.7704203940124,74829200
2022-02-09,173.2420196533203,173.60563833840823,171.8857975368838,173.01598763252147,71285000
2022-02-10,169.15370178222656,172.4557965844286,168.59353288500876,171.13889356700463,90865900
2022-02-11,165.73370361328125,170.09718826300568,165.14403785138535,169.36011355854745,98670700
2022-02-14,165.9695281982422,166.65746140454794,163.68950386212114,164.4855419291192,86185500
2022-02-15,169.8121337890625,169.969379951066,167.3159146994891,168.02350743268553,62527400
2022-02-16,169.57627868652344,170.3526572392932,167.11936365193407,168.88834547600229,61177400
2022-02-17,165.9695281982422,168.9473080022522,165.56659053604196,168.08246911671398,69589300
2022-02-18,164.416748046875,167.6009001587836,163.32587723184227,166.89332246399607,82772700
2022-02-22,161.48812866210938,163.81727946148703,159.35551308277192,162.1367428748668,91162800
2022-02-23,157.31138610839844,163.2865911526906,156.99689373984543,162.68710319648025,90009200
2022-02-24,159.93539428710938,160.04349918077142,149.38047874566269,149.95048500353315,141147500
2022-02-25,162.00897216796875,162.274308176353,158.09755290658669,161.01636896535942,91974200
2022-02-28,162.27435302734375,162.56918589174444,159.63070950306087,160.24985701872006,95056600
2022-03-01,160.38742065429688,163.72883431123614,159.17862257926774,161.86156976875884,83474400
2022-03-02,163.6894989013672,164.47571468295504,160.14171312084568,161.55689852854007,79724800
2022-03-03,163.36520385742188,165.9990247912093,162.69693011047048,165.56660530985462,76678400
2022-03-04,160.3579559326172,162.69694424174432,159.30640391691654,161.6552144893565,83737200
2022-03-07,156.5546417236328,162.17606497919274,156.29911294194886,160.54466966467405,96418800
2022-03-08,154.72671508789062,160.07296568987567,153.11497909721768,156.0829372614916,131148300
2022-03-09,160.1417236328125,160.59380261054181,156.66273844037977,158.69705635061237,91454900
2022-03-10,155.7880859375,157.62585374072557,153.2918516527838,157.43912578291366,105342000
2022-03-11,152.0634002685547,156.5349891936971,151.83736825574178,156.19101504721644,96970100
2022-03-14,148.02423095703125,151.46391244119621,147.51320336208943,148.83992865134607,108732100
2022-03-15,152.4171905517578,152.88892907582556,147.78837062747488,148.29939820148408,92964300
2022-03-16,156.83958435058594,157.2425219119811,151.79800618893756,154.34336591339203,102300200
2022-03-17,157.8518829345703,158.22533884354678,154.9134219533723,155.8765285127207,75615400
2022-03-18,161.1539764404297,161.6453594768953,157.00670241299437,157.74377696769278,123511700
2022-03-21,162.52987670898438,163.4831611094786,160.20071065000747,160.692093743218,95811400
2022-03-22,165.9105682373047,166.5002188572966,162.067949464373,162.6576000843649,81532000
2022-03-23,167.27659606933594,169.66471008875092,164.76070268413946,165.09485449821165,98062700
2022-03-24,171.07008361816406,171.13886943985568,167.2766062849375,168.11194838158724,90131400
2022-03-25,171.7089080810547,172.25925474224047,169.77285750778353,170.88338808927602,80546200
2022-03-28,172.57374572753906,172.70149513268552,169.03578151152723,169.20284996119702,90371900
2022-03-29,175.8758087158203,175.92493501881802,173.30095161685145,173.64492571274934,100589400
2022-03-30,174.70631408691406,176.51459990792134,173.6547472805492,175.4728703587719,92633200
2022-03-31,171.60079956054688,174.96185802360853,171.3944120690703,174.77513005413485,103049300
2022-04-01,171.30592346191406,171.86610722889807,168.97677305266367,171.03075020663627,78751300
2022-04-04,175.3647918701172,175.4139331761271,171.43372732246453,171.56149171892602,76468400
2022-04-05,172.0430145263672,175.22718178273516,171.41404488266946,174.44096597915822,73401800
2022-04-06,168.8686981201172,170.6376800716011,167.19799877542366,169.3895629453013,89058800
2022-04-07,169.17333984375,170.37231557194565,166.92281228589906,168.21023335572733,77594700
2022-04-08,167.15869140625,168.81956860456353,166.28403012969582,168.81956860456353,76575500
2022-04-11,162.89346313476562,166.1169343880837,162.64777163682479,165.80245706854532,72246700
2022-04-12,164.77056884765625,166.94247354315863,163.76814322121325,165.12436524547022,79265200
2022-04-13,167.4633026123047,168.09227218565746,163.89587260842424,164.50518266503607,70618900
2022-04-14,162.44140625,168.3183584761883,162.19571471867903,167.67955149726123,75329400
2022-04-18,162.22518920898438,163.7288199744053,160.75104022360551,161.09499932270256,69023900
2022-04-19,164.51504516601562,164.92782013945308,161.08520094874402,162.17607195952326,67723800
2022-04-20,164.34799194335938,165.9695652154126,163.2374763040021,165.85162307101254,67929800
2022-04-21,163.5519256591797,168.57386081804293,163.05072036783037,165.9990185433864,87227800
2022-04-22,159.001708984375,164.97692823082195,158.71671343457257,163.59123952892807,84882400
2022-04-25,160.07293701171875,160.35793256447772,155.72911292478716,158.34325918812343,96046400
2022-04-26,154.0977325439453,159.54225031873102,154.0191094538627,159.453804965821,95623200
2022-04-27,153.8717041015625,157.03619732481974,152.7022099776654,153.2230748402012,88063200
2022-04-28,160.81983947753906,161.68467841985887,156.19100467866673,156.50549701980856,130216800
2022-04-29,154.93307495117188,163.33572839193604,154.53997449609216,159.05086744995398,131747600
2022-05-02,155.23773193359375,155.5030679702358,150.6285567574635,154.009274370481,123055300
2022-05-03,156.73153686523438,157.94034999172632,153.62600731797474,155.42445612408045,88966500
2022-05-04,163.15884399414062,163.61090803537846,156.51533507735743,156.91827280667675,108256500
2022-05-05,154.0682373046875,161.2522547050873,152.2795959021098,161.0262227132276,130525300
2022-05-06,154.7965545654297,156.92245186539364,151.74549742097102,153.54660360417492,116124600
2022-05-09,149.6589813232422,153.36945750408893,149.0979893908198,152.48365942752434,131577900
2022-05-10,152.07028198242188,154.26508109944479,150.5152283773258,153.06434369573583,115366700
2022-05-11,144.186767578125,152.9954442320576,143.5076602631258,151.07623770131187,142689800
2022-05-12,140.30897521972656,143.89149901958908,136.60835102555794,140.51566592761506,182602000
2022-05-13,144.78712463378906,145.7614978791984,140.8502848803236,142.3069113841073,113990900
2022-05-16,143.241943359375,145.1906903336651,141.90341691040302,143.251795072628,86643800
2022-05-17,146.88352966308594,147.40515984638031,144.3639390388605,146.50952499662762,78336300
2022-05-18,138.59645080566406,145.03317719827086,137.69096444615863,144.5312355358542,109742900
2022-05-19,135.1812744140625,139.42321789277696,134.4431167780582,137.67132497142188,136095600
2022-05-20,135.41744995117188,138.47834364409812,130.51608836864122,136.89376494741566,137426100
2022-05-23,140.8502960205078,140.99792151579808,135.47650272414663,135.61429152570187,117726300
2022-05-24,138.1437225341797,139.72830130754187,135.16156729888525,138.58661405091433,104132700
2022-05-25,138.30120849609375,139.55114451962976,136.15562265268915,136.2441979580696,92482700
2022-05-26,141.50970458984375,142.06085975579472,134.97455116041425,135.2206036464889,90601500
2022-05-27,147.27719116210938,147.31655295622195,142.96634634088457,143.09429845299417,90978500
2022-05-31,146.4898223876953,148.28109191355486,144.5214022588055,146.71620151537235,103718400
2022-06-01,146.3618621826172,149.3440170056093,145.34811215987284,147.53305935939102,74286600
2022-06-02,148.82240295410156,148.8814531521364,144.5410833823405,145.49576829817823,72348100
2022-06-03,143.08447265625,145.63357327354205,142.17900114416437,144.58046123211946,88570300
2022-06-06,143.8324432373047,146.22408125410382,142.61201747807138,144.70838950271786,71598400
2022-06-07,146.3618621826172,146.64727644838695,141.82465390118458,142.07070637844697,67808200
2022-06-08,145.62371826171875,147.50354794884595,145.13161326153673,146.23392365623158,53950200
2022-06-09,140.38772583007812,145.61387897508678,140.27946212008615,144.75762100742102,69473000
2022-06-10,134.96473693847656,138.53740941897706,134.89583502233484,138.06499277205677,91437900
2022-06-13,129.79763793945312,133.0652077917095,129.36458307542827,130.77199636565416,122207100
2022-06-14,130.66372680664062,131.77588901971137,129.40393908646058,131.0278947539339,84784300
2022-06-15,133.2915802001953,135.1714252868018,130.07322365850183,132.1695811727179,91533000
2022-06-16,128.00634765625,130.29955871287268,127.00244927117835,129.99445602178534,108123900
2022-06-17,129.48265075683594,130.9786539949958,127.7602834489197,128.01618763180625,134520300
2022-06-21,133.724609375,134.8958216908251,131.21488586149243,131.31329785187046,81000500
2022-06-22,133.21282958984375,135.5847642777482,131.7955647861074,132.66165937450523,73409200
2022-06-23,136.08673095703125,136.40167037101077,133.48841696582116,134.65962935518908,72433800
2022-06-24,139.42320251464844,139.66925503284406,137.56304607780373,137.6909831751248,89116800
2022-06-27,139.42320251464844,141.2243087499828,138.74409516157192,140.4467743824865,70207900
2022-06-28,135.2698211669922,141.15539260379745,135.15172077587945,139.8857683457784,67083400
2022-06-29,137.03158569335938,138.4488508230255,134.51200991522234,135.28954440451295,66242400
2022-06-30,134.5612030029297,136.1851436237319,131.65778627775248,135.08283314259847,98964500
2022-07-01,136.73629760742188,136.84456131567046,133.51794149629842,133.89193111018585,71051600
2022-07-05,139.3247528076172,139.3739663068114,134.76785610712872,135.59460384717786,73353800
2022-07-06,140.66331481933594,141.84436401241877,138.85237172208522,139.11811267133183,74064300
2022-07-07,144.03915405273438,144.23599306904134,141.0176218390398,141.02745853360616,66253700
2022-07-08,144.71823120117188,145.22018791054785,142.7104494172261,142.96633860975416,64547800
2022-07-11,142.5824737548828,144.32452936494926,141.50968864079144,143.36984462515042,63141600
2022-07-12,143.5568389892578,146.10593871300307,142.75963147099264,143.45841200420188,77588800
2022-07-13,143.1927490234375,144.137582416121,139.87595039979414,140.73222349561757,71185600
2022-07-14,146.1256561279297,146.59807271073137,140.98807885917248,141.80497494021958,78140700
2022-07-15,147.79881286621094,148.47792016432717,145.85991797831633,147.4149715696043,76259900
2022-07-18,144.7477569580078,149.17670150055542,144.38358908348172,148.35980548278783,81420900
2022-07-19,148.61570739746094,148.8420714884981,144.59029217223815,145.58433884840355,82982400
2022-07-20,150.62350463867188,151.29277530503674,147.99566551668846,148.73382307964516,64823400
2022-07-21,152.89703369140625,153.11356109876007,149.54087389527504,152.06044916137068,65086600
2022-07-22,151.65692138671875,153.8123437761435,150.98766576840873,152.93639744167695,66675400
2022-07-25,150.53492736816406,152.59192281243702,149.8755084226827,151.5781876406526,53623900
2022-07-26,149.20623779296875,150.67270104012428,148.41886681163666,149.8558049610543,55138700
2022-07-27,154.31427001953125,154.84575179759253,149.75738820549032,150.17075457850913,78620700
2022-07-28,154.86546325683594,155.15087757432116,151.97188319707365,154.50129531236348,81378700
2022-07-29,159.9439697265625,161.04629519406532,156.98150288420325,158.69403377664,101786900
2022-08-01,158.9597625732422,161.00692131549803,158.34955713719083,158.4676575395611,67829400
2022-08-02,157.4834442138672,159.84555733737668,157.10945460814798,157.57203453166576,59907000
2022-08-03,163.50680541992188,163.95953359141228,158.2117510307237,158.30032632281717,82507500
2022-08-04,163.19186401367188,164.55007867195602,161.83364935538773,163.3887030177202,55474100
2022-08-05,162.96519470214844,163.45798329811657,160.64908228561242,160.8560601129534,56697000
2022-08-08,162.49208068847656,165.3896795729415,161.8317458807269,163.97044623861484,60276900
2022-08-09,162.5413818359375,163.42841029450733,160.89546979944944,161.65436841608152,63135500
2022-08-10,166.79908752441406,166.89763621928432,164.49282549147833,165.26157448955212,70170500
2022-08-11,166.05990600585938,168.52384897861626,165.76422984138568,167.6072543726192,57149200
2022-08-12,169.61781311035156,169.68679568241564,166.9567430947443,167.37069868197673,68039400
2022-08-15,170.69212341308594,170.8892358519702,168.8786649134066,169.04621123839397,54091700
2022-08-16,170.534423828125,171.2046241525694,169.18418785976604,170.28802952506885,56377100
2022-08-17,172.03248596191406,173.60940030005358,170.0810475130616,170.27815992548992,79542000
2022-08-18,171.63824462890625,172.37742744821887,170.62310142681395,171.2440198074247,62290100
2022-08-19,169.04620361328125,171.23418617524862,168.83922578662404,170.53441975425127,70346300
2022-08-22,165.1531524658203,167.41011727933045,164.7293465168106,167.242570986512,69026800
2022-08-23,164.8180694580078,166.2767345287208,164.24643288251994,164.67023889482752,54147100
2022-08-24,165.11373901367188,165.68537556627746,163.85220146265053,164.90677623350408,53841500
2022-08-25,167.5776824951172,167.68609658373745,165.92192009296824,166.34571105112042,51218200
2022-08-26,161.26011657714844,168.58296208169574,161.20098435870386,168.10988929542629,78961000
2022-08-29,159.05242919921875,160.55049548789057,157.5149314068537,158.82573564976346,73314000
2022-08-30,156.61807250976562,160.21542318351743,155.44523326516241,159.79163221679283,77906200
2022-08-31,154.95242309570312,158.26396254446672,154.87357512802876,157.99785253340468,87991100
2022-09-01,155.6817626953125,156.13511973195193,152.43920566957192,154.3807937267726,74229900
2022-09-02,153.56272888183594,158.04710662393722,152.73484792478294,157.44590413492526,76957800
2022-09-06,152.30123901367188,154.8243141649417,151.47335779942037,154.2132611313819,73714800
2022-09-07,153.71063232421875,154.41038374001005,151.39451980442465,152.58707487686897,87449600
2022-09-08,152.2322235107422,154.10481371497846,150.47788269033725,152.40962014455553,84923800
2022-09-09,155.1002960205078,155.54381783971746,152.51808828805244,153.22770515232838,68028800
2022-09-12,161.07286071777344,161.8908915280311,157.0024374583422,157.28824820471496,104956000
2022-09-13,151.62118530273438,158.2245492067868,151.15796283866058,157.59378043168627,122656600
2022-09-14,153.06996154785156,154.83415280049869,151.39448365467393,152.55745729673092,87965400
2022-09-15,150.17237854003906,153.0009950551444,149.19666683175186,152.41949313430064,90481100
2022-09-16,148.52645874023438,149.16709284731172,146.2300624042499,149.02911266156946,162278800
2022-09-19,152.251953125,152.33080110123336,146.94955831205283,147.15652109079085,81474200
2022-09-20,154.63706970214844,155.800058716333,150.87217230085707,151.1875492113153,107689800
2022-09-21,151.50289916992188,156.45049997062233,151.3846347411177,155.0706831334898,101696800
2022-09-22,150.53704833984375,152.24209247430875,148.73344048207258,150.18223999013938,86652500
2022-09-23,148.2603759765625,149.28538472080464,146.4173513628068,149.00942429859677,96029900
2022-09-26,148.59544372558594,151.55217463056863,147.48173693898826,147.5014526891939,93339400
2022-09-27,149.5711669921875,152.48848166353116,147.78727494625255,150.5370433245279,84442700
2022-09-28,147.67886352539062,148.46732818361193,142.75097820989805,145.5105969943164,146691400
2022-09-29,140.425048828125,144.6039019742723,138.6510066887834,143.99284886355534,128138200
2022-09-30,136.2067413330078,141.03607776050177,136.00962893649438,139.2423203631924,124925300
2022-10-03,140.3954620361328,141.00653009557303,135.70412021518845,136.2166245441246,114311700
2022-10-04,143.99282836914062,144.11109281535886,142.17935497441533,142.93825359464822,87830100
2022-10-05,144.28851318359375,145.2543897820645,140.94740668073746,141.99213126920887,79471000
2022-10-06,143.3324737548828,145.41204208560697,143.12551098076761,143.7069978739473,68402200
2022-10-07,138.0695037841797,141.03610072606975,137.4387349893986,140.4841648717613,85925600
2022-10-10,138.39474487304688,139.84354452092543,136.5714361256321,138.39474487304688,74899000
2022-10-11,136.9755096435547,139.31133774176766,136.22647641502994,137.88223882715224,77033700
2022-10-12,136.3447265625,138.33559643003326,136.1673299106835,137.1233408598166,70433700
2022-10-13,140.9276580810547,141.51899524707383,132.4319742692316,133.0430422244427,113224000
2022-10-14,136.38418579101562,142.43562955432296,136.19692370577837,142.22865171308297,88598000
2022-10-17,140.3560333251953,140.83895646188824,138.24689900930798,139.03536366842837,85250900
2022-10-18,141.67669677734375,144.58414598172774,138.58198553276452,143.39160620792404,99136600
2022-10-19,141.78512573242188,142.85940118883795,139.45916311704835,139.6464251768979,61758300
2022-10-20,141.3218994140625,143.7858421579012,140.59256694794956,140.95724070036255,64522000
2022-10-21,145.14593505859375,145.71757154709675,140.59255890223196,140.80938705437833,86548600
2022-10-24,147.29449462890625,148.06324356402658,143.89425664068742,145.06709579621315,75981900
2022-10-25,150.142822265625,150.2906678641537,147.20580651383366,147.92527363612152,74732300
2022-10-26,147.1959686279297,149.79789197212497,145.90484979505857,148.7827486054812,88194300
2022-10-27,142.71156311035156,146.90026566861184,142.05122827640076,145.9344043483702,109180200
2022-10-28,153.49380493164062,155.22841546191245,145.68803498734457,146.06254411260886,164762400
2022-10-31,151.12840270996094,152.01543120421692,149.7288849047636,150.9510060343384,97943200
2022-11-01,148.4771728515625,153.2079455809234,146.97910660092256,152.84328689393647,80379300
2022-11-02,142.93824768066406,149.97526767506156,142.9086815703328,146.80170816398885,93604600
2022-11-03,136.876953125,140.74041357111363,136.74882328898968,140.01108109963562,97918500
2022-11-04,136.6104278564453,140.84556152923415,132.6615790911303,140.27297665062395,140814800
2022-11-07,137.1435089111328,137.37056348588825,133.93506945075268,135.35665734492238,83374600
2022-11-08,137.71607971191406,139.62139172038218,135.73178893253106,138.61444628445304,89908500
2022-11-09,133.14529418945312,136.77824263467366,132.8688760001459,136.72887901579847,74917800
2022-11-10,144.99185180664062,144.99185180664062,137.71610267221538,139.43385733276594,118854000
2022-11-11,147.78564453125,148.09167786414133,142.5238023668343,143.955271925704,93979700
2022-11-14,146.38380432128906,148.35822845841318,145.544668037547,147.0649830587826,73374100
2022-11-15,148.12132263183594,151.62592920943447,146.6602526874079,150.27345321745025,89868300
2022-11-16,146.8872833251953,147.9534742124063,145.4064651591236,147.22294689122086,64218300
2022-11-17,148.79258728027344,149.54286294425333,144.28102140876982,144.5574395514813,80389400
2022-11-18,149.35531616210938,150.74728887735557,148.0522039867333,150.36227675012384,74829600
2022-11-21,146.1172637939453,148.4470850528785,145.83097890062086,148.2397789385964,58724100
2022-11-22,148.259521484375,148.4964578361229,145.05108182314493,146.23574851822164,51804100
2022-11-23,149.1381378173828,149.88841358362208,147.4302500541231,147.53884398667913,58301400
2022-11-25,146.2159881591797,146.97614571181424,145.23864273436385,146.41342757107319,35195900
2022-11-28,142.375732421875,144.7647839323927,141.54647786060335,143.2839657599813,69246000
2022-11-29,139.36471557617188,142.95816663670598,138.55520957308642,142.44481218129837,83763800
2022-11-30,146.13699340820312,146.81817210889182,138.75265175216816,139.59177292691083,111380900
2022-12-01,146.4134063720703,147.22292742638413,144.735149018476,146.31469421224674,71250400
2022-12-02,145.91981506347656,146.10738776877085,143.7874333564375,144.09348175456344,65447400
2022-12-05,144.75489807128906,148.9900308557214,143.90589516228567,145.88031913079033,68826400
2022-12-06,141.08248901367188,145.4163496587564,140.10514358274577,145.18929508684244,64727200
2022-12-07,139.1376953125,141.53661382163668,138.20971339806968,140.37171061069705,69721100
2022-12-08,140.82582092285156,141.68470582050676,139.2956539918693,140.53953599940877,62128300
2022-12-09,140.34207153320312,143.70846830830249,139.0981746838461,140.51976247530513,76097000
2022-12-12,142.6422882080078,142.65215490653637,139.2561427186447,140.87517003337655,70462700
2022-12-13,143.60975646972656,148.05221126240446,142.39548971088675,147.58822033452066,93886200
2022-12-14,141.37864685058594,144.78452547159364,139.35485909896488,143.49128007302596,82291200
2022-12-15,134.75442504882812,139.98665115869375,134.29043424832926,139.30547253397592,98931900
2022-12-16,132.78988647460938,135.8897316869335,132.01986228619933,134.94201656134896,160156900
2022-12-19,130.67724609375,133.47105782876667,129.64068555678134,133.3822123650824,79592600
2022-12-20,130.60816955566406,131.54601807895426,128.22898467531743,129.70980289008992,77432800
2022-12-21,133.71786499023438,135.06047393891612,131.05239555108,131.27945009767515,85928000
2022-12-22,130.53907775878906,132.8392842174574,128.6337652569508,132.63197807082778,77852100
2022-12-23,130.1737823486328,130.72661868998517,127.9821703785141,129.24580060550824,63814900
2022-12-27,128.36720275878906,129.72956043211943,127.07395717087711,129.69994527084378,69007800
2022-12-28,124.42821502685547,129.35440133807893,124.2603907760934,128.01179226832107,85438400
2022-12-29,127.95258331298828,128.81145317017226,126.09662695110752,126.35329671918241,75703700
2022-12-30,128.26844787597656,128.28819633379305,125.80042540883515,126.76789648243701,77034200
